MAP 3

Greedy
48312320
50.493324995040894
48431104
42.77824568748474
47849472
39.286890506744385

A*
49238016
294.6114881038666
49008640
279.1925759315491
49401856
279.89510440826416

Map 2

Greedy
40153088
20.308969736099243
40132608
20.42099642753601
40419328
20.18406081199646

A*
40456192
88.04826807975769
40427520
92.78424882888794
40710144
84.82615494728088

Map 1

Greedy
119218176
1025.4024472236633
119197696
1064.9149446487427
117399552
1025.4734692573547

A*
119238656
1614.8753356933594
121171968
1577.7568402290344
121507840
1572.002524137497
